Blaackknight:
    location: !location
        world: world
        x: -305.66627788862996
        y: 65.49390748022948
        z: 624.7625010833548
        yaw: -72.00717163085938
        pitch: 14.725874900817871
